Dis_r       Dis_i      Devide_Dis        F_r      F_i      D_f       fit_norm		Cr         Fw         Fa			
13.21		18.5841       0.584514       5.94316e+06        8.43123e+06        2.48806e+06         0.422757			0.956932          0.450518            0.477973
3.08557		13.7356       0.816566       4.65966e+06        4.29567e+06        -363983         4.19461			0.960114          0.450518            0.513704
4.5174		20.7207       0.821009       4.79119e+06        8.17751e+06        3.38632e+06         0.121707			0.9          0.450518            0.977805
17.1464		26.1927       0.604367       4.40138e+06        5.53317e+06        1.13179e+06         0.296485			0.952962          0.450518            0.496468
31.4478		13.5964       0.301846       7.47396e+06        4.80986e+06        -2.66411e+06         7.52196			0.954824          0.450518            0.54135
27.1073		6.30518       0.188707       6.30228e+06        5.27212e+06        -1.03016e+06         1.97523			0.954824          0.450518            0.782112
36.738		16.6283       0.311588       4.43312e+06        7.50454e+06        3.07143e+06         -0.0975532			0.960114          0.450518            0.321203
25.2905		12.6262       0.332999       4.9341e+06        7.00819e+06        2.07409e+06         0.0605724			0.9          0.450518            1
7.06377		21.4684       0.752428       4.78613e+06        7.57601e+06        2.78988e+06         -0.0560121			0.956932          0.450518            0.583451
4.93383		38.8259       0.887252       7.25125e+06        7.11669e+06        -134562         1.05477			0.954824          0.450518            0.473526
47.6133		37.9471       0.443513       5.88472e+06        7.77197e+06        1.88725e+06         0.387216			0.954824          0.450518            0.147967
21.4897		18.8142       0.466809       6.11782e+06        8.38571e+06        2.26789e+06         0.451656			0.954824          0.450518            0.654719
41.3655		4.10729       0.0903241       5.42449e+06        5.04272e+06        -381767         2.67108			0.952962          0.450518            0.335711
10.5		8.13488       0.43654       4.69467e+06        6.61179e+06        1.91712e+06         0.206403			0.952962          0.450518            0.461403
16.2333		35.0191       0.683267       5.90628e+06        7.02426e+06        1.11798e+06         0.582045			0.960114          0.450518            0.534688
29.4731		71.173       0.707161       5.41893e+06        3.64755e+06        -1.77138e+06         -3.29074			0.9          0.450518            0.768311
6.43355		14.1384       0.687266       5.97976e+06        5.43249e+06        -547277         1.85339			0.9          0.450518            0.461193
26.9219		16.1448       0.374879       5.04198e+06        7.397e+06        2.35502e+06         0.0437992			0.960114          0.450518            0.502773
23.2851		35.7109       0.60531       5.65603e+06        6.7192e+06        1.06317e+06         0.551371			0.952962          0.450518            0.560478
22.9854		4.42054       0.161299       1.10308e+07        6.52881e+06        -4.50201e+06         3.59569			0.960114          0.450518            0.797576
2.36145		29.9621       0.926944       7.49151e+06        7.30865e+06        -182865         1.07331			0.960114          0.450518            0.570831
32.4449		17.6114       0.351832       5.29064e+06        3.78359e+06        -1.50705e+06         -0.658678			0.9          0.450518            1
26.078		15.9805       0.379959       6.31884e+06        5.28683e+06        -1.03201e+06         3.45971			0.952962          0.450518            0.618334
28.4002		18.6843       0.396824       5.82841e+06        4.65966e+06        -1.16875e+06         4.72569			0.9          0.450518            0.531101
13.6217		6.95145       0.337889       6.93722e+06        5.51134e+06        -1.42588e+06         2.77077			0.960114          0.450518            0.796665
21.7034		8.43441       0.279861       5.5949e+06        5.76731e+06        172417         0.80965			0.952962          0.450518            0.492983
58.0651		28.5808       0.329858       7.50217e+06        7.13608e+06        -366092         1.12889			0.956932          0.450518            0.562229
3.05975		17.2705       0.849498       7.96743e+06        7.65109e+06        -316335         1.07438			0.956932          0.450518            0.773871
44.6195		53.1165       0.543469       3.86051e+06        5.25138e+06        1.39087e+06         -1.60135			0.960114          0.450518            0.540819
31.8698		38.3913       0.546409       5.57913e+06        3.94982e+06        -1.62931e+06         -6.0253			0.952962          0.450518            0.194193
24.4244		60.5916       0.712709       7.65109e+06        8.70865e+06        1.05756e+06         0.764321			0.952962          0.450518            0.537854
15.2084		20.169       0.57011       7.07094e+06        7.28531e+06        214368         0.908826			0.952962          0.450518            0.0302553
18.503		18.4412       0.499162       7.8034e+06        7.29023e+06        -513167         1.15138			0.952962          0.450518            0.607698
14.0361		5.22469       0.271261       6.44084e+06        8.71106e+06        2.27022e+06         0.398929			0.960114          0.450518            0.55201
3.86777		20.6151       0.842022       7.30865e+06        5.35415e+06        -1.9545e+06         2.30078			0.9          0.450518            0.848679
30.6086		21.4175       0.411668       5.95299e+06        6.48643e+06        533447         0.684731			0.960114          0.450518            0.542212
27.685		69.4267       0.714916       5.86985e+06        7.50217e+06        1.63232e+06         0.424147			0.956932          0.450518            0.396754
46.9738		6.02367       0.11366       6.51871e+06        9.52872e+06        3.01001e+06         0.509012			0.9          0.450518            0.869512
18.1538		5.16646       0.221544       6.04796e+06        6.25203e+06        204074         0.881423			0.954824          0.450518            0.614159
6.37833		20.5484       0.763123       5.57525e+06        6.79639e+06        1.22114e+06         0.35929			0.952962          0.450518            1
3.22224		32.0244       0.90858       5.5949e+06        7.49151e+06        1.89662e+06         0.296799			0.956932          0.450518            0.0895179
4.91674		21.0379       0.810564       7.61988e+06        6.34485e+06        -1.27502e+06         1.81799			0.9          0.450518            1
9.8218		30.7868       0.758135       7.07094e+06        4.80037e+06        -2.27057e+06         25.0886			0.9          0.450518            1
18.8325		32.3589       0.632115       7.89906e+06        4.34937e+06        -3.54969e+06         8.90565			0.952962          0.450518            1
35.3222		45.2282       0.561489       5.83536e+06        4.06039e+06        -1.77498e+06         -1.7984			0.960114          0.450518            0.673044
6.01814		22.5404       0.78927       5.5807e+06        7.24628e+06        1.66558e+06         0.480458			0.952962          0.450518            0.478569
24.7448		9.87319       0.285204       5.51134e+06        5.99594e+06        484597         0.572821			0.954824          0.450518            0.513083
24.595		26.1439       0.515264       6.7192e+06        6.46761e+06        -251591         1.11076			0.952962          0.450518            0.571049
31.167		8.74154       0.219039       5.53317e+06        5.93269e+06        399528         0.714966			0.960114          0.450518            0.505375
17.0597		22.2697       0.566234       7.15163e+06        1.06601e+07        3.50843e+06         0.400289			0.9          0.450518            0.296608
36.1399		49.8391       0.579666       5.771e+06        5.43652e+06        -334472         1.53751			0.954824          0.450518            0.314128
43.8627		61.4295       0.583419       6.74249e+06        6.59252e+06        -149976         1.08693			0.960114          0.450518            0.60048
7.53989		19.8622       0.724842       4.93549e+06        3.9244e+06        -1.01108e+06         -7.71516			0.960114          0.450518            1
32.926		3.23538       0.0894705       7.69645e+06        7.0394e+06        -657048         1.29345			0.9          0.450518            0.996158
27.9386		3.00773       0.0971918       5.92581e+06        4.9591e+06        -966706         2.45714			0.960114          0.450518            0.545339
14.6942		13.611       0.480866       4.92576e+06        5.51583e+06        590077         0.3108			0.956932          0.450518            0.654694
18.4435		32.8279       0.640277       3.9244e+06        6.28632e+06        2.36191e+06         -0.664799			0.956932          0.450518            0.12021
10.6259		7.56574       0.415891       5.83163e+06        6.67918e+06        847553         0.550318			0.956932          0.450518            0.614349
18.8796		35.5581       0.653189       7.40624e+06        6.66573e+06        -740505         1.30651			0.960114          0.450518            0.512067
9.65437		21.6372       0.69147       5.90628e+06        1.10308e+07        5.12455e+06         0.238364			0.9          0.450518            0.894957
40.207		40.3983       0.501187       6.46761e+06        5.8591e+06        -608505         1.53266			0.960114          0.450518            0.362952
25.0902		56.9727       0.694256       5.5807e+06        6.7575e+06        1.1768e+06         0.524229			0.960114          0.450518            0.479548
49.5938		33.9735       0.40654       4.53101e+06        7.61988e+06        3.08887e+06         -0.0639627			0.954824          0.450518            0.564001
59.0594		67.8136       0.5345       6.83586e+06        6.12782e+06        -708044         1.40558			0.9          0.450518            0.739856
11.0869		34.8691       0.75875       6.6323e+06        9.97083e+06        3.33853e+06         0.421878			0.960114          0.450518            0.483415
35.1722		44.4389       0.5582       5.41893e+06        4.47554e+06        -943390         4.71182			0.960114          0.450518            0.575112
11.4409		18.0045       0.611454       5.90628e+06        6.40468e+06        498400         0.787399			0.952962          0.450518            0.417596
3.637		21.5213       0.855435       6.08178e+06        4.82143e+06        -1.26035e+06         11.9298			0.960114          0.450518            0.613862
18.1377		16.077       0.469886       6.50468e+06        5.93173e+06        -572944         1.46222			0.956932          0.450518            0.893346
6.79743		40.9924       0.857764       5.81888e+06        5.33884e+06        -480043         1.71512			0.960114          0.450518            0.371783
58.5077		54.6814       0.483098       4.78613e+06        7.40624e+06        2.62011e+06         0.133607			0.952962          0.450518            0.733999
26.2526		6.39197       0.195805       5.31989e+06        6.11607e+06        796186         0.550207			0.956932          0.450518            0.517044
10.2186		20.0146       0.662007       6.31884e+06        5.09233e+06        -1.22651e+06         2.53958			0.954824          0.450518            0.446133
20.9953		4.44796       0.174819       5.78813e+06        5.5949e+06        -193233         1.12431			0.956932          0.450518            0.2811
31.2835		46.4311       0.597457       5.71187e+06        5.84941e+06        137543         0.91681			0.956932          0.450518            0.532728
31.2846		24.2295       0.436457       9.77033e+06        5.40156e+06        -4.36877e+06         4.624			0.956932          0.450518            0.120922
3.83949		18.5832       0.828768       5.25903e+06        6.24131e+06        982275         0.365918			0.960114          0.450518            0.132095
4.44796		28.2095       0.8638       5.5949e+06        4.32194e+06        -1.27295e+06         5.52162			0.952962          0.450518            1
3.39634		9.22458       0.730896       8.37118e+06        5.74565e+06        -2.62553e+06         3.06716			0.9          0.450518            0.898701
3.87297		11.1516       0.742225       8.02244e+06        5.78813e+06        -2.23431e+06         3.24117			0.956932          0.450518            1
37.9597		14.8326       0.280961       1.06601e+07        6.89023e+06        -3.76983e+06         2.45298			0.956932          0.450518            0.625956
10.3333		8.37259       0.44759       6.12782e+06        7.07637e+06        948554         0.635289			0.952962          0.450518            0.523905
16.8212		28.664       0.630183       6.62102e+06        4.86758e+06        -1.75344e+06         2.72585			0.960114          0.450518            0.913979
43.7351		61.2563       0.583441       7.85397e+06        6.49512e+06        -1.35885e+06         1.45996			0.954824          0.450518            0.435936
3.84807		32.0749       0.89288       6.27055e+06        6.97305e+06        702501         0.795321			0.954824          0.450518            0.969152
6.69912		32.0577       0.82715       5.43726e+06        7.77143e+06        2.33417e+06         0.208756			0.952962          0.450518            0.475154
19.9685		13.0646       0.395499       5.771e+06        7.96743e+06        2.19643e+06         0.419807			0.960114          0.450518            1
12.1671		22.918       0.653212       5.4363e+06        7.89906e+06        2.46276e+06         0.391531			0.952962          0.450518            0.531637
25.1647		12.3111       0.328507       5.16478e+06        6.93722e+06        1.77243e+06         0.315093			0.956932          0.450518            0.558003
22.6563		5.87834       0.206007       5.33564e+06        8.15256e+06        2.81693e+06         0.233912			0.952962          0.450518            0.400303
34.8888		26.7641       0.434109       5.93003e+06        9.77033e+06        3.8403e+06         0.284721			0.952962          0.450518            0.53354
40.0557		34.0262       0.459305       6.34485e+06        4.24983e+06        -2.09503e+06         -6.45081			0.952962          0.450518            0.265142
28.2795		9.91234       0.259541       5.5949e+06        4.96712e+06        -627774         4.56826			0.9          0.450518            0.759538
32.0136		10.0955       0.239746       3.85159e+06        4.79119e+06        939601         -0.578788			0.956932          0.450518            0.554182
23.2976		10.5234       0.31115       5.42834e+06        6.74976e+06        1.32142e+06         0.50511			0.9          0.450518            0.821345
4.66929		16.7203       0.781703       7.397e+06        5.82623e+06        -1.57077e+06         2.21274			0.954824          0.450518            0.537234
58.3445		29.6875       0.337235       7.06164e+06        6.11782e+06        -943818         1.40434			0.952962          0.450518            0.457415
8.0071		18.9116       0.702544       6.79639e+06        6.27055e+06        -525844         1.39347			0.954824          0.450518            0.457153
33.0642		12.0031       0.266338       6.11607e+06        8.07831e+06        1.96223e+06         0.403053			0.9          0.450518            0.998794
42.3352		7.74495       0.154651       5.57355e+06        5.45372e+06        -119833         1.15091			0.960114          0.450518            0.611807
64.1214		58.8142       0.478415       7.15826e+06        6.41095e+06        -747308         1.30364			0.952962          0.450518            0.522686
30.3255		39.7724       0.567384       5.99594e+06        4.86153e+06        -1.13441e+06         -25.3992			0.956932          0.450518            0.425945
21.2287		48.25       0.694457       6.31884e+06        8.01277e+06        1.69393e+06         0.493626			0.960114          0.450518            0.487462
47.0401		68.0421       0.591248       7.0283e+06        4.43312e+06        -2.59518e+06         -8.15128			0.956932          0.450518            0.627966
16.1349		17.7601       0.523974       5.41893e+06        8.93522e+06        3.51629e+06         0.170793			0.954824          0.450518            0.5719
5.6696		2.43402       0.300362       4.79119e+06        8.60959e+06        3.8184e+06         0.0926319			0.956932          0.450518            0.777716
56.4108		55.6047       0.496402       4.79119e+06        7.33037e+06        2.53918e+06         0.0284992			0.9          0.450518            1
7.76271		39.6956       0.836431       8.70865e+06        5.59388e+06        -3.11477e+06         2.89456			0.954824          0.450518            1
57.1315		38.9553       0.405418       7.01419e+06        8.26301e+06        1.24882e+06         0.628163			0.954824          0.450518            0.47962
36.0002		32.4768       0.474273       4.69218e+06        5.06117e+06        368996         0.607535			0.952962          0.450518            0.518391
20.2845		36.7695       0.644468       5.45528e+06        6.49611e+06        1.04082e+06         0.616289			0.956932          0.450518            0.508591
10.8824		28.1213       0.720991       5.95299e+06        6.5054e+06        552418         0.654934			0.956932          0.450518            0.51508
28.374		7.13492       0.200933       5.25138e+06        6.84738e+06        1.59601e+06         0.431413			0.952962          0.450518            0.197211
15.878		9.97368       0.385804       6.58979e+06        7.25125e+06        661465         0.783079			0.954824          0.450518            0.491029
8.68005		18.4754       0.680357       4.86726e+06        4.07963e+06        -787628         -0.0584407			0.954824          0.450518            0.185489
47.0698		41.8953       0.470919       6.95376e+06        5.94316e+06        -1.01059e+06         1.66925			0.9          0.450518            0.558727
18.3045		17.6337       0.490667       5.71153e+06        6.7747e+06        1.06317e+06         0.685126			0.952962          0.450518            0.606676
27.9768		11.5073       0.291441       6.15447e+06        6.58979e+06        435317         0.841021			0.960114          0.450518            1
13.4377		26.5204       0.663705       6.44084e+06        7.57922e+06        1.13838e+06         0.574393			0.960114          0.450518            0.621848
23.9445		19.1395       0.444237       4.9591e+06        8.24707e+06        3.28797e+06         0.0485866			0.956932          0.450518            0.644313
4.74631		47.6445       0.909406       1.10308e+07        5.33564e+06        -5.69519e+06         9.88527			0.960114          0.450518            0.548513
8.85764		44.4997       0.833994       5.28683e+06        6.35361e+06        1.06678e+06         0.499688			0.9          0.450518            0.731485
7.70986		6.98474       0.475327       5.96106e+06        6.19647e+06        235415         0.832095			0.960114          0.450518            0.531109
12.3567		21.1614       0.631343       5.20403e+06        1.0119e+07        4.91496e+06         0.0758958			0.9          0.450518            0.792811
32.6501		30.8829       0.486092       5.94671e+06        6.10513e+06        158418         0.90806			0.952962          0.450518            0.529383
36.2381		21.861       0.376271       8.22303e+06        5.57913e+06        -2.6439e+06         3.98928			0.960114          0.450518            0.599761
19.9168		18.9688       0.48781       7.98144e+06        4.69218e+06        -3.28926e+06         13.6969			0.952962          0.450518            0.510293
9.99664		20.3959       0.671083       8.38571e+06        5.92581e+06        -2.4599e+06         2.30472			0.9          0.450518            0.867711
24.8439		12.6867       0.338036       5.69703e+06        5.65603e+06        -41004.7         1.02601			0.9          0.450518            1
3.94141		4.11752       0.510926       8.05084e+06        5.69596e+06        -2.35488e+06         3.02144			0.954824          0.450518            0.560074
13.4848		2.50854       0.156849       6.68345e+06        6.08178e+06        -601673         1.22421			0.952962          0.450518            0.381034
21.9969		33.3016       0.602215       5.31989e+06        7.19474e+06        1.87486e+06         0.405624			0.954824          0.450518            0.439036
13.9516		21.2287       0.603426       8.80926e+06        6.31884e+06        -2.49042e+06         2.50818			0.9          0.450518            0.899794
37.8137		7.39004       0.163483       3.54085e+06        5.4363e+06        1.89546e+06         -0.70094			0.952962          0.450518            0.112979
37.217		63.1657       0.629249       6.03795e+06        5.36328e+06        -674662         1.66541			0.960114          0.450518            0.572497
7.46595		17.4227       0.700026       4.53101e+06        6.33161e+06        1.8006e+06         -0.168903			0.960114          0.450518            1
3.42099		32.3832       0.904453       5.36328e+06        3.39821e+06        -1.96508e+06         -4.099			0.954824          0.450518            0.565893
7.72895		36.588       0.825598       5.74565e+06        4.19605e+06        -1.5496e+06         -4.84694			0.960114          0.450518            0.805818
94.4495		51.4967       0.352847       6.7575e+06        7.22729e+06        469786         0.868765			0.954824          0.450518            0.553077
3.38615		41.4984       0.924559       9.54201e+06        5.31989e+06        -4.22213e+06         4.02556			0.960114          0.450518            0.569896
15.6042		20.4203       0.566845       6.25203e+06        5.04752e+06        -1.20452e+06         5.75871			0.960114          0.450518            0.26147
32.4372		5.08669       0.135559       6.49611e+06        8.34317e+06        1.84706e+06         0.476591			0.954824          0.450518            0.563092
57.3875		23.7307       0.292545       5.93173e+06        4.30248e+06        -1.62925e+06         5.61978			0.9          0.450518            1
17.5949		24.7727       0.584709       4.2158e+06        6.44084e+06        2.22504e+06         -0.249192			0.956932          0.450518            0.50514
10.2019		10.1787       0.49943       5.78807e+06        5.9582e+06        170138         0.919236			0.952962          0.450518            0.54917
45.8426		45.6374       0.498879       5.35124e+06        6.95376e+06        1.60252e+06         0.4945			0.9          0.450518            1
43.0109		26.0732       0.377412       4.9045e+06        5.35535e+06        450847         0.563725			0.952962          0.450518            0.392047
2.7361		58.0529       0.95499       6.49171e+06        4.9045e+06        -1.58721e+06         4.36715			0.960114          0.450518            0.559301
7.48889		6.30711       0.457169       4.32194e+06        5.41893e+06        1.09698e+06         0.113326			0.952962          0.450518            0.515554
34.288		32.4775       0.486441       5.93003e+06        6.09154e+06        161506         0.91453			0.960114          0.450518            0.446745
16.8929		31.3411       0.649772       4.04042e+06        5.47975e+06        1.43933e+06         -0.0280099			0.960114          0.450518            0.517277
16.9708		43.4207       0.718987       6.39372e+06        7.03996e+06        646249         0.792574			0.9          0.450518            0.869847
13.6849		8.48143       0.382627       6.95376e+06        6.78885e+06        -164905         1.05808			0.952962          0.450518            0.577367
24.5894		17.0924       0.410069       7.07948e+06        3.86051e+06        -3.21898e+06         -4.95148			0.954824          0.450518            0.464018
5.88917		19.4221       0.76733       6.66573e+06        5.93003e+06        -735699         1.42081			0.956932          0.450518            0.77638
27.4997		62.3634       0.693982       8.38571e+06        5.51606e+06        -2.86965e+06         3.5744			0.9          0.450518            1
32.0948		30.8022       0.489725       5.51606e+06        6.15447e+06        638410         0.655284			0.960114          0.450518            0.502954
53.014		3.39361       0.0601622       5.31989e+06        6.74422e+06        1.42433e+06         0.305052			0.954824          0.450518            0.759289
51.5665		13.6404       0.209187       4.9045e+06        5.67691e+06        772408         0.394442			0.960114          0.450518            0.184981
23.8693		45.4716       0.655768       8.93522e+06        5.69703e+06        -3.23819e+06         4.66823			0.9          0.450518            0.928621
10.7774		3.0031       0.217924       7.24628e+06        5.66134e+06        -1.58494e+06         3.17939			0.954824          0.450518            0.869651
28.6481		3.57611       0.110976       6.95376e+06        6.68345e+06        -270306         1.12558			0.954824          0.450518            0.721451
45.6868		13.2865       0.225297       8.60385e+06        5.67638e+06        -2.92747e+06         3.90187			0.9          0.450518            0.853375
10.1534		20.4446       0.668169       5.82841e+06        4.86726e+06        -961150         5.62971			0.960114          0.450518            0.337808
3.78795		42.1195       0.917487       5.59388e+06        5.83984e+06        245962         0.785685			0.954824          0.450518            0.748021
21.6814		44.7191       0.673475       5.65603e+06        8.05084e+06        2.39482e+06         0.416044			0.952962          0.450518            1
24.2706		46.1994       0.65559       9.77033e+06        7.00591e+06        -2.76442e+06         1.93852			0.954824          0.450518            0.529481
5.25914		18.1854       0.775677       7.11669e+06        6.50468e+06        -612016         1.25675			0.954824          0.450518            0.488522
2.37418		7.43323       0.75792       3.78359e+06        7.22935e+06        3.44576e+06         -0.135977			0.954824          0.450518            0.643713
12.739		3.79832       0.229681       5.78807e+06        8.37118e+06        2.58311e+06         0.295208			0.956932          0.450518            0.518641
13.9268		28.5556       0.672175       5.51583e+06        5.83163e+06        315791         0.690936			0.960114          0.450518            0.527245
16.5861		17.5387       0.513957       8.83245e+06        5.86985e+06        -2.96261e+06         3.54578			0.954824          0.450518            0.493783
62.0232		3.25792       0.049906       5.33884e+06        7.74643e+06        2.40759e+06         0.205343			0.960114          0.450518            1
7.42541		11.8051       0.613874       4.9394e+06        6.35883e+06        1.41943e+06         0.00371472			0.954824          0.450518            0.355307
47.8739		73.3233       0.604992       5.64346e+06        5.65515e+06        11687.2         0.994179			0.956932          0.450518            0.570984
66.7393		49.3214       0.424962       8.60385e+06        8.3758e+06        -228047         1.06232			0.956932          0.450518            0.585234
10.7936		11.6214       0.518466       7.40624e+06        4.92576e+06        -2.48048e+06         3.32854			0.9          0.450518            0.900513
15.5607		39.2092       0.71589       4.89047e+06        5.45875e+06        568272         0.724212			0.952962          0.450518            1
18.7786		13.9791       0.426742       6.51645e+06        5.05642e+06        -1.46003e+06         3.05503			0.954824          0.450518            1
5.67019		60.1217       0.913816       4.06039e+06        8.7978e+06        4.73741e+06         -0.0649639			0.952962          0.450518            0.565529
19.4583		21.4936       0.52485       4.69218e+06        6.05886e+06        1.36668e+06         -0.0808402			0.9          0.450518            0.969609
2.87607		4.93141       0.631626       7.15163e+06        5.771e+06        -1.38063e+06         2.40184			0.954824          0.450518            0.537037
24.8469		10.6398       0.299825       5.36328e+06        3.85159e+06        -1.51169e+06         -2.49567			0.9          0.450518            0.87663
15.2826		50.7011       0.768388       8.3758e+06        5.45273e+06        -2.92307e+06         2.42275			0.9          0.450518            0.859054
10.9454		27.6282       0.716246       7.09938e+06        6.03795e+06        -1.06144e+06         1.59361			0.952962          0.450518            0.613224
71.207		51.5665       0.420014       6.51871e+06        4.40138e+06        -2.11733e+06         -3.20839			0.960114          0.450518            0.471326
19.0602		82.0518       0.811494       5.67638e+06        6.23529e+06        558912         0.792569			0.956932          0.450518            1
13.2369		2.87375       0.178376       6.35883e+06        5.13475e+06        -1.22408e+06         1.99166			0.9          0.450518            1
9.28737		12.5153       0.574026       5.45372e+06        7.07948e+06        1.62576e+06         0.302349			0.952962          0.450518            0.524184
12.1229		15.4377       0.560136       7.65109e+06        8.83245e+06        1.18136e+06         0.702044			0.9          0.450518            0.973081
26.4666		3.57044       0.118868       7.07094e+06        5.89752e+06        -1.17342e+06         2.07885			0.956932          0.450518            0.428549
13.1993		12.7951       0.492226       6.97305e+06        8.58271e+06        1.60966e+06         0.689525			0.954824          0.450518            0.426707
4.12895		18.7398       0.81945       7.24628e+06        5.32325e+06        -1.92303e+06         5.16487			0.952962          0.450518            0.500295
23.5844		18.7388       0.442755       4.86726e+06        5.58421e+06        716949         0.584065			0.952962          0.450518            1
4.34737		32.109       0.880751       5.06117e+06        6.51871e+06        1.45754e+06         0.20202			0.956932          0.450518            0.479119
34.3757		9.76692       0.221258       6.89072e+06        5.17514e+06        -1.71558e+06         2.72697			0.9          0.450518            0.765898
5.77157		38.5619       0.869815       5.40156e+06        8.72715e+06        3.32559e+06         0.12324			0.956932          0.450518            0.641833
26.0371		40.1061       0.606353       5.8591e+06        7.09938e+06        1.24028e+06         0.572808			0.954824          0.450518            0.672395
23.2746		5.34781       0.18684       5.94316e+06        8.02244e+06        2.07928e+06         0.364775			0.952962          0.450518            0.650796
11.6263		30.8103       0.726031       6.69398e+06        7.15163e+06        457651         0.805359			0.9          0.450518            0.978795
19.1425		7.98625       0.294383       5.43249e+06        5.49117e+06        58680.7         0.946154			0.954824          0.450518            0.59866
2.76195		5.41009       0.662025       5.57525e+06        4.53101e+06        -1.04424e+06         5.22818			0.956932          0.450518            0.511956
5.1441		8.67441       0.627739       5.43249e+06        4.7944e+06        -638088         1.71372			0.954824          0.450518            0.481027
11.0226		7.71808       0.411836       5.771e+06        9.54201e+06        3.77102e+06         0.181621			0.954824          0.450518            0.580399
14.4188		30.4818       0.678873       7.01419e+06        5.96106e+06        -1.05313e+06         1.6425			0.9          0.450518            0.868461
15.222		19.1799       0.557524       6.08178e+06        7.69645e+06        1.61468e+06         0.440629			0.956932          0.450518            0.298841
19.1395		24.7578       0.563994       8.24707e+06        4.93549e+06        -3.31159e+06         23.9499			0.952962          0.450518            0.483355
36.1016		6.67502       0.156043       8.01277e+06        5.81888e+06        -2.19389e+06         3.45642			0.960114          0.450518            0.588929
27.8421		5.34733       0.161115       6.07136e+06        5.82841e+06        -242946         1.24126			0.952962          0.450518            0.649691
43.1061		29.9902       0.410284       6.59252e+06        8.22303e+06        1.63052e+06         0.514945			0.956932          0.450518            0.651343
24.8411		15.8567       0.38962       5.89752e+06        5.57355e+06        -323965         1.35758			0.9          0.450518            0.663286
10.3921		6.45549       0.38317       5.39533e+06        6.69798e+06        1.30265e+06         0.346015			0.960114          0.450518            0.779999
26.2302		4.57653       0.148556       7.29023e+06        5.64346e+06        -1.64677e+06         2.92079			0.952962          0.450518            1
19.7261		28.9077       0.594395       4.06039e+06        5.88472e+06        1.82434e+06         -0.660606			0.960114          0.450518            0.581728
33.5887		20.7478       0.381839       7.15826e+06        7.85397e+06        695707         0.824032			0.960114          0.450518            0.6134
44.5251		32.0093       0.418234       6.23529e+06        5.35124e+06        -884053         2.66861			0.954824          0.450518            0.540062
6.87202		43.0213       0.862266       5.47612e+06        6.21667e+06        740552         0.63608			0.952962          0.450518            0.684805
11.5046		23.2976       0.669429       4.82143e+06        5.42834e+06        606916         0.550002			0.956932          0.450518            0.518371
4.36188		50.6346       0.920688       5.51583e+06        4.38208e+06        -1.13376e+06         3.35359			0.960114          0.450518            0.737169
18.7733		2.95379       0.13595       5.62258e+06        4.46108e+06        -1.1615e+06         -2.57332			0.954824          0.450518            0.610235
16.307		25.0109       0.605328       7.50454e+06        6.38098e+06        -1.12356e+06         1.58966			0.960114          0.450518            0.654623
3.21126		16.927       0.84054       6.79639e+06        6.51645e+06        -279941         1.13716			0.952962          0.450518            0.657714
2.77261		25.2802       0.901164       5.62258e+06        8.63398e+06        3.0114e+06         0.224832			0.9          0.450518            0.865398
22.4188		29.6739       0.569637       5.65515e+06        7.11568e+06        1.46053e+06         0.446799			0.9          0.450518            0.859891
17.5035		25.0985       0.589139       3.54085e+06        8.26662e+06        4.72577e+06         -0.190088			0.956932          0.450518            0.468855
2.86996		27.8257       0.906503       6.58979e+06        5.29064e+06        -1.29915e+06         2.29062			0.960114          0.450518            0.510337
9.22458		28.9851       0.75858       5.74565e+06        4.82377e+06        -921877         3.64726			0.952962          0.450518            1
32.1826		62.1089       0.658691       6.58979e+06        4.22138e+06        -2.36841e+06         24.5889			0.960114          0.450518            0.474197
71.173		65.7777       0.480302       4.06039e+06        7.3977e+06        3.33731e+06         0.110086			0.954824          0.450518            0.634248
3.62763		37.9058       0.912658       8.08941e+06        7.47396e+06        -615445         1.2361			0.960114          0.450518            0.435994
3.83864		52.0837       0.931358       7.57601e+06        7.84837e+06        272361         0.92693			0.9          0.450518            0.930058
11.0176		36.7608       0.769401       5.771e+06        5.71153e+06        -59465.5         1.04068			0.9          0.450518            1
57.8647		28.847       0.332677       6.32542e+06        5.16478e+06        -1.16063e+06         4.40351			0.960114          0.450518            0.474211
6.29146		14.789       0.701551       7.89906e+06        6.6323e+06        -1.26676e+06         1.69677			0.952962          0.450518            0.534933
26.0085		35.8074       0.579259       7.02426e+06        5.97976e+06        -1.0445e+06         1.42826			0.954824          0.450518            0.550007
12.922		18.2451       0.585397       6.46761e+06        5.82558e+06        -642030         1.63938			0.954824          0.450518            0.646393
16.6688		4.45658       0.210959       5.06117e+06        5.1261e+06        64930.4         0.916772			0.952962          0.450518            0.600025
30.345		44.8054       0.59621       7.49812e+06        6.52387e+06        -974244         1.5391			0.9          0.450518            0.96582
51.0764		54.3376       0.515469       8.59071e+06        5.45528e+06        -3.13543e+06         3.70386			0.954824          0.450518            0.701306
2.82171		14.9939       0.841616       5.31863e+06        5.94671e+06        628082         0.663602			0.9          0.450518            0.829705
42.3363		73.7382       0.635266       5.25903e+06        3.54085e+06        -1.71819e+06         -1.04246			0.956932          0.450518            0.203889
29.5137		3.09649       0.0949547       3.9244e+06        5.0387e+06        1.1143e+06         0.256071			0.956932          0.450518            0.381956
10.6576		60.7343       0.850717       6.6323e+06        7.07418e+06        441880         0.865714			0.956932          0.450518            0.600924
54.9151		65.7281       0.544814       4.20192e+06        7.15826e+06        2.95634e+06         -0.052496			0.956932          0.450518            0.686169
11.4066		26.2652       0.697212       5.94316e+06        5.39533e+06        -547832         1.29541			0.952962          0.450518            0.253826
10.752		8.66244       0.446184       6.19647e+06        7.01225e+06        815774         0.774276			0.960114          0.450518            0.51893
7.51326		14.0719       0.651924       5.36328e+06        8.88008e+06        3.5168e+06         0.135033			0.960114          0.450518            0.430757
25.505		49.2716       0.658917       5.69596e+06        5.72211e+06        26151.8         0.975201			0.952962          0.450518            0.530731
28.3692		14.5322       0.338735       6.12782e+06        5.04198e+06        -1.08584e+06         4.70805			0.960114          0.450518            0.222534
3.69203		18.7506       0.835491       5.97976e+06        8.60385e+06        2.62409e+06         0.308357			0.952962          0.450518            0.565529
9.53921		17.0945       0.641837       7.49151e+06        8.08941e+06        597895         0.817045			0.952962          0.450518            0.760386
9.84818		50.9783       0.838094       6.61385e+06        5.28887e+06        -1.32498e+06         3.71235			0.956932          0.450518            0.301809
60.7557		71.4507       0.540448       5.57355e+06        5.47955e+06        -94003.1         1.07324			0.956932          0.450518            0.249269
24.7782		31.4875       0.559621       6.67918e+06        7.49812e+06        818938         0.735548			0.9          0.450518            0.769458
10.367		2.91405       0.219414       4.47554e+06        7.8034e+06        3.32787e+06         -0.0612342			0.9          0.450518            0.919479
16.5825		20.1473       0.548528       5.69703e+06        4.12097e+06        -1.57606e+06         -0.95836			0.954824          0.450518            0.24003
10.6926		31.0661       0.743944       6.97305e+06        5.31069e+06        -1.66236e+06         5.4143			0.956932          0.450518            0.630664
49.0368		21.2235       0.30207       5.62258e+06        4.66756e+06        -955024         -18.4319			0.9          0.450518            0.632397
12.2447		25.8672       0.678717       5.31069e+06        4.78613e+06        -524564         6.7355			0.956932          0.450518            0.492374
50.9676		43.1405       0.458415       6.5054e+06        7.97041e+06        1.46501e+06         0.59173			0.952962          0.450518            1
47.2327		31.7939       0.402319       6.49512e+06        4.20192e+06        -2.2932e+06         -14.9207			0.952962          0.450518            0.368275
3.39183		52.1737       0.938958       7.30865e+06        8.59071e+06        1.28206e+06         0.669963			0.9          0.450518            0.76536
22.1774		22.8483       0.507451       6.03795e+06        5.57525e+06        -462696         1.50975			0.956932          0.450518            1
17.4239		18.0701       0.509103       6.69398e+06        7.36921e+06        675235         0.730117			0.954824          0.450518            0.553672
20.3642		8.20796       0.287271       6.39372e+06        4.7167e+06        -1.67701e+06         3.18678			0.9          0.450518            0.832393
8.19076		52.7295       0.86555       5.25138e+06        7.06164e+06        1.81026e+06         0.366979			0.954824          0.450518            0.584114
17.0956		4.81427       0.21973       7.47396e+06        8.66025e+06        1.18628e+06         0.738662			0.952962          0.450518            0.481228
31.5752		5.95652       0.158706       8.88008e+06        5.20403e+06        -3.67605e+06         4.99572			0.952962          0.450518            0.628616
2.51311		29.0297       0.920327       4.81427e+06        8.91505e+06        4.10078e+06         0.00337652			0.960114          0.450518            0.659071
35.0345		35.3222       0.502045       6.12782e+06        5.83536e+06        -292455         1.25638			0.952962          0.450518            0.505312
39.5538		17.1286       0.302185       5.43249e+06        5.03642e+06        -396062         1.28517			0.952962          0.450518            0.675907
15.222		3.31217       0.178706       6.08178e+06        4.89047e+06        -1.1913e+06         15.7776			0.954824          0.450518            0.615076
32.8508		6.43673       0.163836       8.60959e+06        5.71187e+06        -2.89772e+06         3.12145			0.9          0.450518            1
39.1579		18.2588       0.318005       5.71153e+06        4.70611e+06        -1.00542e+06         2.71825			0.9          0.450518            1
15.2699		3.88509       0.202824       4.74914e+06        6.04796e+06        1.29881e+06         0.509836			0.952962          0.450518            0.399921
14.1566		8.71462       0.38103       4.04042e+06        8.26963e+06        4.22922e+06         -0.00474402			0.956932          0.450518            0.544152
3.41886		7.48889       0.686566       5.04752e+06        4.18174e+06        -865778         -5.17506			0.9          0.450518            0.956001
4.38513		5.60231       0.560935       8.58271e+06        6.24434e+06        -2.33836e+06         2.69101			0.960114          0.450518            0.578409
4.93367		4.39296       0.471013       5.71187e+06        6.39372e+06        681845         0.644536			0.952962          0.450518            0.595396
27.5581		60.0896       0.685581       5.35415e+06        5.90628e+06        552126         0.755559			0.952962          0.450518            0.576569
4.54929		14.8904       0.765979       9.97083e+06        5.5807e+06        -4.39014e+06         3.01152			0.956932          0.450518            0.587688
8.67516		5.41009       0.384096       5.39533e+06        4.28404e+06        -1.11129e+06         -3.49967			0.960114          0.450518            0.582422
41.3655		32.0938       0.436892       5.42449e+06        4.2158e+06        -1.20869e+06         -1.01965			0.954824          0.450518            1
13.0752		24.0343       0.647659       8.26662e+06        6.23306e+06        -2.03356e+06         1.88084			0.960114          0.450518            0.551279
3.53391		23.6923       0.870202       5.96106e+06        7.98144e+06        2.02038e+06         0.487346			0.956932          0.450518            0.411762
7.27795		35.1375       0.828413       7.11669e+06        6.62102e+06        -495674         1.20904			0.956932          0.450518            0.601228
44.7413		16.9179       0.274377       7.28531e+06        5.77671e+06        -1.5086e+06         2.0969			0.952962          0.450518            0.503907
11.0188		14.5826       0.569602       5.8591e+06        5.78807e+06        -71036.7         1.05353			0.954824          0.450518            0.598179
3.3628		26.8675       0.888761       6.89023e+06        5.42449e+06        -1.46574e+06         2.91643			0.956932          0.450518            0.850443
52.4744		43.8552       0.455262       7.57601e+06        6.74249e+06        -833517         1.36093			0.956932          0.450518            0.838223
10.288		40.7946       0.7986       5.27212e+06        7.04898e+06        1.77686e+06         0.513293			0.960114          0.450518            0.475122
22.9854		3.63301       0.136485       1.10308e+07        7.92852e+06        -3.1023e+06         1.98985			0.952962          0.450518            0.350858
18.0037		19.1312       0.515181       5.82623e+06        7.87802e+06        2.05179e+06         0.331263			0.954824          0.450518            0.393381
35.5603		14.8138       0.294076       5.42834e+06        4.9394e+06        -488945         1.82391			0.960114          0.450518            0.509536
14.7539		15.2084       0.507585       7.25125e+06        7.07094e+06        -180314         1.08438			0.956932          0.450518            0.172997
4.19246		18.0549       0.811552       6.31727e+06        7.0283e+06        711033         0.734921			0.954824          0.450518            0.0761083
42.9388		18.8503       0.305074       4.38208e+06        6.188e+06        1.80592e+06         0.0998582			0.9          0.450518            1
49.8083		30.722       0.381496       5.82841e+06        3.90037e+06        -1.92805e+06         -37.9894			0.960114          0.450518            0.729345
10.2728		31.0787       0.751573       5.8591e+06        5.95299e+06        93882.5         0.919543			0.9          0.450518            0.903064
38.5104		12.7164       0.248237       4.06039e+06        4.9341e+06        873719         -3.72382			0.960114          0.450518            0.473716
33.895		43.2904       0.560863       3.39821e+06        4.04042e+06        642210         1.7767			0.952962          0.450518            0.569643
21.9893		21.2295       0.49121       8.08941e+06        6.31727e+06        -1.77214e+06         2.0691			0.952962          0.450518            0.385256
42.7409		46.1093       0.518955       6.59252e+06        6.30228e+06        -290236         1.18687			0.954824          0.450518            0.515637
21.6767		26.3719       0.548859       8.80926e+06        6.83586e+06        -1.9734e+06         1.92164			0.960114          0.450518            0.372822
3.53132		32.1611       0.901063       4.86726e+06        6.72558e+06        1.85832e+06         0.368347			0.952962          0.450518            0.564958
39.6056		49.8717       0.557367       5.90628e+06        6.89072e+06        984445         0.604537			0.952962          0.450518            0.859946
15.7706		15.6241       0.497668       3.85159e+06        8.80926e+06        4.95767e+06         -0.255827			0.952962          0.450518            0.575405
7.99885		6.89257       0.462855       7.07948e+06        6.69398e+06        -385506         1.13605			0.954824          0.450518            0.446857
11.9543		22.7116       0.655156       5.94671e+06        7.01419e+06        1.06748e+06         0.661514			0.960114          0.450518            0.928287
27.6814		25.8672       0.483061       8.34317e+06        4.69467e+06        -3.6485e+06         -38.8922			0.9          0.450518            0.859412
14.8753		24.4955       0.622175       4.28404e+06        6.669e+06        2.38497e+06         -0.272249			0.9          0.450518            0.976779
10.84		12.4387       0.534338       6.68345e+06        5.62258e+06        -1.06087e+06         2.54089			0.9          0.450518            1
8.51941		5.30195       0.383606       7.28531e+06        4.34596e+06        -2.93935e+06         10.6202			0.954824          0.450518            0.583384
35.6197		33.7629       0.486619       7.65109e+06        4.74914e+06        -2.90195e+06         6.81184			0.956932          0.450518            0.642521
43.2371		10.6071       0.196996       5.5807e+06        6.61385e+06        1.03315e+06         0.408367			0.954824          0.450518            0.329218
15.1216		8.24365       0.352816       5.25903e+06        6.49171e+06        1.23268e+06         0.410296			0.952962          0.450518            0.849712
17.8988		6.34852       0.261824       6.09154e+06        4.96976e+06        -1.12177e+06         2.23356			0.952962          0.450518            0.53821
33.9723		28.2363       0.453897       4.86726e+06        5.98933e+06        1.12207e+06         0.475114			0.956932          0.450518            0.273543
23.6108		24.3812       0.508026       6.27055e+06        6.58432e+06        313775         0.874725			0.9          0.450518            0.890436
30.4579		3.01779       0.0901488       7.57601e+06        5.43726e+06        -2.13875e+06         2.70348			0.956932          0.450518            0.563806
21.5615		7.71362       0.263487       8.59071e+06        6.34626e+06        -2.24445e+06         2.45188			0.960114          0.450518            1
22.2301		25.4327       0.533597       4.18174e+06        5.31863e+06        1.13689e+06         -1.51877			0.952962          0.450518            0.792437
49.9151		9.62606       0.161671       6.21667e+06        4.81427e+06        -1.4024e+06         3.84855			0.956932          0.450518            0.681535
33.1083		3.64205       0.0991025       7.3977e+06        5.25903e+06        -2.13867e+06         5.1944			0.9          0.450518            0.893043
15.7087		5.62083       0.263524       6.58979e+06        6.07136e+06        -518431         1.40599			0.956932          0.450518            0.917298
5.83457		10.6931       0.646982       5.76731e+06        5.47612e+06        -291198         1.47852			0.954824          0.450518            1
31.4486		47.5956       0.602139       6.84738e+06        6.32542e+06        -521966         1.29088			0.954824          0.450518            0.571376
